0 0 0 0 0 0 0 0 0 0 0 0 0 0 0 0 0 0 0 0 0 0 0 0
0 0 0 0 0 0 0 0 0 0 0 0 0 0 0 0 0 0 0 0 0 0 0 0
0 0 0 0 0 0 0 0 0 0 0 0 0 0 0 0 0 0 0 0 0 0 0 0
0 0 0 0 0 0 0 0 0 0 0 0 0 0 0 0 0 0 0 0 0 0 0 0
0 0 0 0 0 0 0 0 0 0 0 0 0 0 0 0 0 0 0 0 0 0 0 0
0 0 0 0 0 0 0 0 0 0 0 0 0 0 0 0 0 0 0 0 0 0 0 0
0 0 0 0 0 0 0 0 0 0 0 0 0 0 0 0 0 0 0 0 0 0 0 0
0 0 0 0 0 0 0 0 0 0 0 0 0 0 0 0 0 0 0 0 0 0 0 0
0 0 0 0 0 0 0 0 0 0 0 0 0 0 0 0 0 0 0 0 0 0 0 0
0 0 0 0 0 0 0 0 0 0 0 0 0 0 0 0 0 0 0 0 0.127979 0 0 0
0 0 0 0 0 0 0 0 0 0 0 0 0 0 0 0 0 0 0 0.127979 0.627979 0 0 0
0 0 0 0 0 0 0 0 0 0 0 0 0 0 0 0 0 0 0.127979 0.627979 1.12798 0 0 0
0 0 0 0 0 0 0 0 0 0 0 0 0 0 0 0 0 0.127979 0.627979 1.12798 1.62798 0 0 0
0 0 0 0 0 0 0 0 0 0 0 0 0 0 0 0 0.127979 0.627979 1.12798 1.62798 2.12798 0 0 0
0 0 0 0 0 0 0 0 0 0 0 0 0 0 0 0.127979 0.627979 1.12798 1.62798 2.12798 2.62798 0 0 0
0 0 0 0 0 0 0 0 0 0 0 0 0 0 0.127979 0.627979 1.12798 1.62798 2.12798 2.62798 3.12798 0 0 0
0 0 0 0 0 0 0 0 0 0 0 0 0 0.127979 0.627979 1.12798 1.62798 2.12798 2.62798 3.12798 3.62798 0 0 0
